# selectionSort
10 1
100 12
1000 893
10000 108121
100000 12783835


# shellSort
10 1
100 6
1000 94
10000 1274
100000 14981
1000000 178971
10000000 1988844


# bubbleSort
10 1
100 31
1000 2288
10000 308081


# insertSort
10 1
100 14
1000 1305
10000 134012
100000 14350318


# heapSort
10 1
100 10
1000 160
10000 2003
100000 24598
1000000 276718
10000000 3305252


# gnomeSort
10 1
100 18
1000 1800
10000 189013
100000 19349991


# quickSort
10 1
100 6
1000 72
10000 731
100000 7459
1000000 77672
10000000 826284


# mergeSort
10 10
100 72
1000 770
10000 6435
100000 66435
1000000 719685
10000000 7503350


